100
3.88137874e-05 1.19893002e-03 1.71126364e-02 8.66836255e-04 1.80641238e-02 7.02557158e-03 9.52048605e-01 7.03873548e-06 3.41195716e-03 2.25487577e-04
3.72967936e-04 1.51329534e-03 2.89353174e-02 1.43250775e-02 1.47817431e-02 8.96805085e-02 2.21424111e-02 3.22788149e-05 8.26345469e-01 1.87093094e-03
5.94603566e-05 3.29601877e-05 6.46020346e-04 1.05782823e-04 9.81203017e-01 1.53399585e-03 7.62588323e-03 1.52312785e-04 1.95686395e-03 6.68370315e-03
1.69563409e-06 9.31832835e-01 3.27837868e-02 8.79138341e-03 4.76637865e-04 1.83127431e-03 3.98384360e-04 1.23668789e-03 2.20444454e-02 6.02869439e-04
5.62488722e-05 2.11892244e-01 3.26845826e-03 3.66301882e-02 2.18141265e-02 1.21861728e-01 1.77844067e-03 3.44769300e-02 2.74402933e-01 2.93818702e-01
6.90995907e-05 6.17118951e-01 2.30229035e-01 3.96107707e-02 2.23004378e-03 1.11803454e-02 2.59496014e-03 9.83392826e-03 8.29481098e-02 4.18475672e-03
2.20980690e-05 1.08568497e-03 1.64624149e-03 9.86397029e-01 7.60676058e-05 4.32293454e-03 9.12758420e-06 9.06750405e-04 3.29452812e-03 2.23953851e-03
2.26744833e-06 9.25979220e-01 1.15835108e-02 9.22364235e-03 3.79601428e-04 2.32225474e-03 9.82692639e-05 1.53140495e-02 3.08755199e-02 4.22166474e-03
7.38764059e-06 9.48119498e-01 6.72940475e-03 6.55038059e-03 1.96926718e-04 1.60803548e-02 3.12700961e-03 1.30567481e-03 1.71633075e-02 7.20055506e-04
1.12214843e-03 3.93820440e-03 7.50472030e-03 5.60861775e-01 1.41740603e-04 6.01941433e-02 1.16971511e-05 9.31898569e-03 3.31508444e-01 2.53981414e-02
8.41017269e-04 5.85370959e-03 3.53685710e-03 2.41221866e-01 8.55662587e-04 7.11093067e-02 3.88142978e-05 1.43449919e-01 2.32336436e-01 3.00756411e-01
3.03134336e-04 1.53435093e-04 7.74883151e-04 9.89881624e-01 5.44461451e-06 7.86345432e-03 3.92529736e-06 1.31898322e-04 8.46646411e-04 3.55544274e-05
7.99279791e-05 4.69505089e-05 1.65776796e-03 1.31292009e-05 2.03344129e-03 1.29098589e-03 9.94662630e-01 9.89294791e-07 1.93217243e-04 2.09604246e-05
1.23002947e-04 6.93466671e-04 1.93237559e-02 9.53695826e-01 1.59823290e-04 1.37758340e-02 9.17006809e-04 3.50439953e-05 1.10934011e-02 1.82839032e-04
3.51906253e-01 1.38674787e-04 9.48155463e-02 2.07953756e-01 3.79245207e-03 1.21952646e-01 6.50219890e-03 3.01896764e-02 8.63610893e-02 9.63877076e-02
5.71441594e-03 8.12480185e-05 4.54743219e-05 5.65022658e-02 2.03046247e-04 9.00605828e-01 1.98517304e-05 4.57714157e-04 3.40778000e-02 2.29235573e-03
3.93559637e-02 8.41469305e-05 5.21347919e-03 1.25887092e-01 1.88485032e-03 2.88756181e-01 2.60461607e-04 8.75794162e-04 5.21616290e-01 1.60657411e-02
8.76607802e-05 6.29949572e-05 9.93683113e-01 2.63442380e-03 9.44102296e-06 2.60677996e-05 3.27573159e-03 8.75912092e-06 2.09136175e-04 2.67210458e-06
4.86929517e-05 7.13530356e-01 3.72684801e-02 1.05685238e-02 4.74829157e-04 3.16336346e-02 1.03568775e-02 3.23669820e-04 1.95203632e-01 5.91304292e-04
7.44694269e-05 1.29770298e-05 1.68847024e-05 6.04678080e-04 1.94085264e-05 1.46620829e-04 1.64173326e-07 9.95183865e-01 1.58277242e-05 3.92510414e-03
3.04862023e-07 9.77709284e-01 1.23185556e-03 1.19083601e-02 1.55079700e-04 2.72206773e-03 4.69815449e-04 2.14564361e-03 2.52529267e-03 1.13229654e-03
5.21789344e-05 3.54072737e-04 1.62296933e-05 6.42081569e-04 4.83301589e-02 4.63224372e-03 1.75494415e-04 7.66567019e-01 3.68190769e-04 1.78862330e-01
9.70853670e-01 2.53438191e-07 2.32304144e-04 2.50521139e-04 5.36969694e-06 2.82787368e-02 1.58531076e-04 1.06243983e-04 8.14422342e-05 3.29274765e-05
1.48417381e-02 7.74490783e-04 7.40999825e-03 1.62680388e-02 1.98105524e-02 7.84362500e-01 3.44231822e-02 4.31618143e-04 1.12735754e-01 8.94212673e-03
7.10848290e-05 4.52116462e-04 2.93612947e-03 5.45590258e-04 8.18411005e-02 8.69559091e-04 5.15187129e-04 1.09687953e-01 5.77323930e-03 7.97308040e-01
1.49881080e-02 1.15361510e-04 6.61147895e-05 5.58413407e-02 1.49261994e-04 8.92398451e-01 2.49054683e-04 1.96216111e-03 2.52287295e-02 9.00141718e-03
3.12596182e-03 6.29942307e-05 8.41727170e-03 4.71357013e-05 2.33598773e-03 6.42984488e-03 9.79383450e-01 1.82719346e-05 1.45022652e-04 3.40591143e-05
1.38385749e-04 5.24699099e-06 3.92805335e-05 4.40237830e-04 1.06270190e-05 5.43657962e-05 8.02178556e-08 9.96733385e-01 9.88213535e-06 2.56850914e-03
5.20154180e-05 1.41216615e-05 9.98078034e-01 4.99732619e-04 6.91798263e-06 9.94085038e-06 4.28257827e-04 1.69845754e-06 9.08226737e-04 1.05456062e-06
9.99266847e-03 2.04712775e-04 2.11555703e-04 3.18322794e-01 6.33066052e-05 6.38137181e-01 2.71216921e-05 8.36343127e-04 2.98472680e-02 2.35704911e-03
1.48997751e-04 5.92762676e-04 6.56989441e-03 5.00614278e-05 8.47047099e-01 1.63581131e-03 1.30949322e-01 4.37367532e-03 4.38164850e-04 8.19421133e-03
9.47311404e-07 9.76909202e-01 6.26194200e-03 3.76202190e-03 5.05976645e-05 1.50544841e-03 4.05646395e-04 1.42873901e-03 9.09381334e-03 5.81641492e-04
1.11610590e-04 2.45120586e-05 3.38060050e-03 2.88486014e-05 6.81991854e-03 9.26535730e-04 9.88155403e-01 2.76865804e-06 4.74914183e-04 7.48878559e-05
1.19203960e-05 1.32759486e-05 1.59350382e-04 1.34788577e-04 9.81211327e-01 7.87523308e-04 1.05931891e-03 1.80520316e-04 5.65244764e-04 1.58767303e-02
7.50041949e-05 1.52328216e-05 1.22723636e-04 9.97791184e-01 4.15458346e-07 1.83955285e-03 1.82194487e-07 2.35733389e-05 1.20821830e-04 1.13096100e-05
1.41290482e-06 3.10685821e-03 8.46885010e-04 6.98357014e-04 3.57233565e-03 1.64040110e-04 2.37310500e-05 7.80966809e-01 3.68928961e-03 2.06930282e-01
1.00169658e-04 1.11385835e-01 2.16113055e-02 9.43415676e-02 4.67295512e-03 6.37105436e-02 7.66673000e-04 1.83723706e-02 6.65620419e-01 1.94181616e-02
1.21085074e-03 8.65332726e-04 1.16968280e-02 5.98954847e-02 1.44766461e-03 8.72957851e-02 6.33779401e-03 7.85690719e-05 8.26572827e-01 4.59886454e-03
2.14321529e-02 1.51898203e-04 4.89532293e-03 1.30578623e-02 3.08891725e-02 7.68581093e-01 1.09139015e-02 2.63166209e-04 1.36446894e-01 1.33685365e-02
4.03098600e-02 7.12187143e-05 2.38181810e-04 1.66847963e-03 2.06223481e-03 8.51846019e-01 2.34820446e-04 1.08192002e-02 6.99437386e-02 2.28062472e-02
3.25157356e-05 2.10989812e-05 2.15625044e-04 6.54206655e-05 9.84369251e-01 1.71413411e-03 4.31089592e-03 1.38543541e-04 1.22932106e-03 7.90319367e-03
3.75931808e-03 4.41303751e-05 9.18019676e-04 1.96319625e-03 1.57920507e-02 9.56616418e-03 1.99247910e-04 7.28054320e-02 8.69239801e-03 8.86260043e-01
9.76014753e-01 1.05233116e-06 1.29120613e-03 1.63758180e-03 1.63208903e-05 1.70886337e-02 4.08749534e-05 1.90806682e-03 1.42708377e-03 5.74426072e-04
5.02694377e-05 5.75635238e-04 3.95461112e-03 3.20941419e-02 1.54760846e-04 3.06656915e-04 4.44218389e-06 9.49160065e-01 2.02473169e-04 1.34969440e-02
3.52981021e-06 9.57329224e-01 1.09739681e-02 6.67532042e-03 4.29738684e-05 3.52548290e-03 1.35952619e-03 9.96734161e-04 1.85413315e-02 5.51909049e-04
7.14626368e-01 9.53142226e-05 2.78974111e-02 6.95383409e-02 8.12147061e-04 1.43945209e-01 1.89134190e-03 4.55329727e-03 3.27154587e-02 3.92511205e-03
3.20034746e-06 9.04383821e-01 1.15235417e-02 9.65333508e-03 2.65582751e-03 3.19065689e-03 1.10279233e-03 5.42260210e-02 4.23260662e-03 9.02819701e-03
4.25866589e-05 9.22198942e-04 1.26405730e-03 9.71192733e-01 5.29861772e-05 1.56804595e-02 3.04495899e-05 5.22491721e-05 1.04424994e-02 3.19780626e-04
1.13144935e-06 9.53278106e-01 2.21967654e-02 3.26827603e-03 5.98025091e-04 1.04598925e-03 1.44515765e-03 3.44865584e-03 1.35641466e-02 1.15374714e-03
3.37058265e-05 7.10816245e-02 9.89705700e-02 1.78267557e-01 2.24245971e-02 4.46468110e-03 4.91997143e-04 4.62644472e-01 2.88597537e-02 1.32761041e-01
7.29013618e-04 3.23006217e-05 1.74742282e-03 1.10188946e-04 9.05488546e-01 3.09570610e-03 9.99851550e-03 2.72904479e-03 5.39287598e-03 7.06763857e-02
1.58669181e-05 6.36360122e-05 2.16249600e-04 4.19583989e-05 9.71922767e-01 1.28178418e-03 2.73663892e-03 6.81398644e-04 1.10979837e-03 2.19299021e-02
5.84562702e-03 6.45354826e-05 6.52452118e-03 3.60385722e-04 7.45898447e-04 3.04973342e-02 9.55076513e-01 4.02815792e-06 8.42279883e-04 3.88770660e-05
5.51737720e-06 9.30643540e-01 3.30172173e-02 4.79962061e-03 1.87078873e-03 2.81870237e-03 4.36159004e-03 1.67943864e-02 3.92741992e-03 1.76121768e-03
9.39781251e-01 3.32436482e-06 2.38247155e-02 2.51914343e-03 6.75327319e-04 2.23285121e-02 3.71347764e-03 7.67170086e-04 4.54808089e-03 1.83899805e-03
2.17935797e-05 2.08085775e-03 7.13368702e-03 3.77845381e-02 8.56256617e-05 3.89205216e-04 1.32227111e-06 9.27277568e-01 2.91279574e-03 2.23126065e-02
2.76060141e-04 2.67604820e-04 3.48456043e-03 8.09347462e-04 5.61952035e-04 1.91539414e-02 6.00605680e-04 3.02125405e-05 9.72531193e-01 2.28452249e-03
1.44999189e-02 1.17667330e-04 2.52919242e-02 4.65725583e-01 2.16509381e-03 4.97097275e-02 4.83560831e-05 3.64198111e-03 3.61675651e-01 7.71240974e-02
3.53289682e-04 3.15296154e-02 3.53071017e-02 1.71994099e-02 9.98041359e-04 3.04360489e-02 1.72088187e-03 5.76608157e-03 8.54931258e-01 2.17582714e-02
1.49882633e-03 8.02287042e-06 2.47308032e-03 7.10962727e-06 1.22581004e-03 1.88761635e-03 9.92826860e-01 2.24118700e-06 5.83495089e-05 1.20842030e-05
4.46979773e-05 1.11022433e-01 6.44918463e-01 1.04431642e-02 5.72959915e-03 3.26814342e-03 2.25513103e-02 7.05897487e-04 1.99966551e-01 1.34974076e-03
1.32885247e-05 9.90450371e-03 1.72216222e-02 9.42128290e-01 1.70363609e-04 4.50556601e-03 2.27112119e-05 1.33049572e-03 2.24065954e-02 2.29656346e-03
8.65720046e-01 2.74794795e-05 5.56927168e-02 4.94751445e-03 2.81669841e-04 5.10836077e-02 5.25854975e-03 9.86981969e-04 1.54780688e-02 5.23365236e-04
4.19954879e-05 2.38182540e-01 7.44828635e-02 5.34270771e-02 1.29853213e-02 2.91442419e-02 1.16032646e-03 2.13084939e-03 5.81574350e-01 6.87043406e-03
1.17016900e-04 1.82166394e-01 5.14805176e-01 1.15896347e-01 5.54859174e-04 7.68554702e-03 1.28970156e-03 5.53349621e-03 1.70371913e-01 1.57954879e-03
2.80554343e-03 2.87839972e-06 2.24227483e-03 3.64085497e-06 1.36705323e-03 1.24247941e-03 9.92298409e-01 2.26499662e-06 2.86390471e-05 6.81683065e-06
1.11295854e-04 3.94131653e-04 1.25940563e-04 3.16485501e-03 1.32587016e-02 6.59000024e-03 3.59233705e-05 5.73209553e-01 1.04988288e-03 4.02059715e-01
2.00705187e-06 9.27187209e-01 1.67001815e-02 4.86653448e-03 2.38920450e-04 2.24648384e-03 4.72680400e-04 1.27035334e-03 4.62121969e-02 8.03433356e-04
8.42048253e-03 2.62993151e-03 7.85711008e-01 2.76011088e-02 1.57236671e-04 2.10931475e-02 1.49725486e-01 1.93549500e-05 4.63379418e-03 8.44960038e-06
9.25277927e-05 5.21689554e-04 1.48372479e-04 1.39564781e-03 3.46634215e-01 9.53719726e-03 4.76795801e-04 9.39801239e-02 1.81747166e-03 5.45395959e-01
4.48307676e-03 5.19921978e-04 3.27292365e-03 1.51875305e-01 1.38688776e-02 5.86319993e-01 3.22362361e-03 4.30328843e-04 2.14396722e-01 2.16092279e-02
1.20273977e-04 1.52920176e-02 2.03732341e-01 6.39078153e-04 1.09457964e-01 1.39376097e-03 6.54851454e-01 7.10620838e-03 3.21276148e-03 4.19414006e-03
8.46455103e-06 8.39129775e-05 2.48234826e-03 7.82023946e-06 7.01005459e-02 3.32783477e-04 9.26248179e-01 4.04722847e-06 4.51392362e-04 2.80505682e-04
4.51327437e-05 1.04745873e-05 2.75016027e-03 9.88741499e-07 2.82131731e-03 1.04021212e-04 9.94191190e-01 1.23593313e-06 5.95892131e-05 1.58900068e-05
7.33991276e-04 3.78152436e-03 1.16864278e-03 7.41366130e-01 7.59427197e-04 1.98992288e-01 4.47090132e-04 5.29617125e-03 2.34050735e-02 2.40496618e-02
1.54566787e-02 1.02455592e-02 3.74077875e-01 3.06511259e-01 1.53989818e-04 9.08725158e-02 1.98595507e-01 3.25691674e-04 3.74041678e-03 2.05068769e-05
2.25939513e-03 2.78282855e-05 9.88561644e-01 3.35987749e-04 2.76918549e-05 1.66108003e-04 2.76233296e-03 1.81963687e-05 5.82120175e-03 1.96143280e-05
2.94751928e-03 2.47775748e-04 1.87979410e-03 6.65203204e-02 8.89068614e-04 8.03093075e-01 1.30768741e-03 3.29391383e-05 1.22576988e-01 5.04832101e-04
9.12389934e-01 6.28504591e-06 2.93120657e-03 3.06554818e-03 5.42695411e-05 7.58396618e-02 1.51529408e-04 1.08949468e-03 4.03569900e-03 4.36372077e-04
6.77854558e-07 9.52510399e-01 5.88470843e-03 1.63145580e-02 1.30914417e-04 2.08446780e-03 4.63387245e-04 2.20175498e-03 1.85082510e-02 1.90088178e-03
6.43174835e-01 5.49604885e-06 2.01860194e-04 4.22185309e-04 5.86898847e-05 3.52489781e-01 1.05656961e-03 2.14579616e-04 2.23849246e-03 1.37510121e-04
4.72946013e-04 6.44063174e-03 2.79291364e-02 2.86703935e-03 7.94743198e-04 3.48309521e-02 1.54669793e-03 5.07476397e-04 9.21234916e-01 3.37546082e-03
2.15263750e-04 1.12704498e-04 2.29139100e-03 4.13562613e-04 1.38144653e-02 1.06998171e-02 9.69031516e-01 3.28232025e-06 2.95268610e-03 4.65311676e-04
5.36408722e-05 1.45785728e-05 3.61818219e-05 1.21268371e-04 9.51211597e-01 4.24989996e-03 5.92388485e-04 1.27493852e-03 8.91793580e-04 4.15537132e-02
1.08119443e-06 9.74806409e-01 5.44696654e-03 5.90828696e-03 1.02853121e-04 1.98161450e-03 2.64480787e-04 2.14528096e-03 8.78682715e-03 5.56199883e-04
4.60042473e-05 3.55319084e-03 2.95933995e-03 2.69912375e-02 4.64346355e-04 1.36729135e-03 2.12078865e-05 9.46831793e-01 3.68644746e-04 1.73969444e-02
7.67482891e-07 9.75596476e-01 1.13692319e-02 1.86894004e-03 6.65633926e-04 1.03344404e-03 7.53449884e-04 4.16574253e-03 3.88453652e-03 6.61777341e-04
8.28682961e-03 6.16542301e-04 1.82260010e-01 2.27047042e-03 8.35299320e-04 2.38482544e-03 3.49536241e-04 6.52700729e-01 5.36906855e-02 9.66050714e-02
6.92149202e-01 2.69660510e-05 3.56495483e-02 3.61631857e-03 6.23752729e-03 1.03525638e-01 1.54180710e-01 2.00704675e-03 1.74148166e-03 8.65561772e-04
2.51397330e-05 1.20110116e-05 8.63088857e-05 5.32923430e-05 9.69602774e-01 1.10538533e-03 5.29374446e-04 8.91292597e-04 1.03091633e-03 2.66635056e-02
6.85543723e-06 2.11419454e-04 5.75818168e-03 1.44261297e-05 5.34302247e-03 4.03636311e-04 9.87778681e-01 1.44574651e-06 4.48535066e-04 3.37971403e-05
5.08499462e-05 3.93363904e-04 1.81313928e-03 9.82106321e-01 2.71568981e-05 6.05399379e-03 9.10979176e-07 3.51699425e-04 8.80788943e-03 3.94675764e-04
6.27800489e-06 5.49663721e-05 6.42808968e-05 3.91889559e-04 2.17980626e-05 3.80725720e-05 9.20526522e-08 9.95585050e-01 7.23861463e-05 3.76518604e-03
1.04543868e-02 5.45672831e-05 1.99422383e-05 2.98370902e-03 1.06604562e-03 9.81962789e-01 5.06951801e-04 3.90278066e-04 1.84938794e-03 7.11942042e-04
1.69100304e-05 6.91373346e-04 7.88876605e-04 2.13168527e-04 9.34425562e-01 4.75078508e-03 2.02282569e-03 6.18535353e-03 7.51678156e-03 4.33883632e-02
1.32731179e-05 7.26441857e-06 7.54565630e-06 3.19469141e-04 1.23291480e-05 5.45031387e-05 3.23382786e-08 9.95737021e-01 2.88223056e-05 3.81973954e-03
3.58326312e-04 2.97234428e-04 2.93960857e-04 9.38661808e-01 6.30665607e-05 5.45889223e-02 2.08287889e-05 7.99905760e-04 3.48081882e-03 1.43512796e-03
1.88162275e-02 7.85529453e-05 1.98336174e-03 1.26036410e-04 7.05466118e-01 4.98869602e-02 4.09615942e-02 2.99521996e-02 9.72076687e-03 1.43008182e-01
7.67553856e-05 4.06543750e-05 4.05313916e-05 1.78092513e-04 3.08196836e-04 3.13621788e-04 1.70804831e-06 9.77818623e-01 9.68501124e-05 2.11249666e-02
6.03934447e-03 1.97768952e-04 2.70614186e-02 3.86345158e-04 8.37716150e-02 7.01265587e-03 8.68629813e-01 9.92477879e-04 4.02936779e-03 1.87919345e-03
0 0 0 0 0 0 1 0 0 0
0 0 0 0 0 0 0 0 1 0
0 0 0 0 1 0 0 0 0 0
0 1 0 0 0 0 0 0 0 0
0 0 0 0 0 0 0 0 0 1
0 0 0 0 0 0 0 1 0 0
0 0 0 1 0 0 0 0 0 0
0 1 0 0 0 0 0 0 0 0
0 1 0 0 0 0 0 0 0 0
0 0 0 1 0 0 0 0 0 0
0 0 0 1 0 0 0 0 0 0
0 0 0 1 0 0 0 0 0 0
0 0 0 0 0 0 1 0 0 0
0 0 0 1 0 0 0 0 0 0
1 0 0 0 0 0 0 0 0 0
0 0 0 0 0 1 0 0 0 0
0 0 0 0 0 0 0 0 0 1
0 0 1 0 0 0 0 0 0 0
0 1 0 0 0 0 0 0 0 0
0 0 0 0 0 0 0 1 0 0
0 1 0 0 0 0 0 0 0 0
0 0 0 0 0 0 0 1 0 0
1 0 0 0 0 0 0 0 0 0
0 0 0 0 0 1 0 0 0 0
0 0 0 0 0 0 0 0 0 1
0 0 0 0 0 1 0 0 0 0
0 0 0 0 0 0 1 0 0 0
0 0 0 0 0 0 0 1 0 0
0 0 1 0 0 0 0 0 0 0
0 0 0 1 0 0 0 0 0 0
0 0 0 0 1 0 0 0 0 0
0 1 0 0 0 0 0 0 0 0
0 0 0 0 0 0 1 0 0 0
0 0 0 0 1 0 0 0 0 0
0 0 0 1 0 0 0 0 0 0
0 0 0 0 0 0 0 1 0 0
0 0 0 0 0 0 0 0 1 0
0 0 0 0 0 0 0 0 1 0
0 0 0 0 0 1 0 0 0 0
0 0 0 0 0 1 0 0 0 0
0 0 0 0 1 0 0 0 0 0
0 0 0 0 0 0 0 0 0 1
1 0 0 0 0 0 0 0 0 0
0 0 0 0 0 0 0 1 0 0
0 1 0 0 0 0 0 0 0 0
1 0 0 0 0 0 0 0 0 0
0 1 0 0 0 0 0 0 0 0
0 0 0 1 0 0 0 0 0 0
0 1 0 0 0 0 0 0 0 0
0 0 0 0 0 0 0 1 0 0
0 0 0 0 1 0 0 0 0 0
0 0 0 0 1 0 0 0 0 0
0 0 0 0 0 0 1 0 0 0
0 1 0 0 0 0 0 0 0 0
1 0 0 0 0 0 0 0 0 0
0 0 0 0 0 0 0 1 0 0
0 0 0 0 0 0 0 0 1 0
0 0 0 0 0 0 0 0 1 0
0 0 0 0 0 0 0 0 1 0
0 0 0 0 0 0 1 0 0 0
0 0 0 0 0 0 0 0 1 0
0 0 0 1 0 0 0 0 0 0
1 0 0 0 0 0 0 0 0 0
0 1 0 0 0 0 0 0 0 0
0 0 1 0 0 0 0 0 0 0
0 0 0 0 0 0 1 0 0 0
0 0 0 0 0 0 0 1 0 0
0 1 0 0 0 0 0 0 0 0
0 0 1 0 0 0 0 0 0 0
0 0 0 0 0 0 0 0 0 1
0 0 0 0 0 1 0 0 0 0
0 0 0 0 0 0 1 0 0 0
0 0 0 0 0 0 1 0 0 0
0 0 0 0 0 0 1 0 0 0
0 0 0 1 0 0 0 0 0 0
0 0 0 1 0 0 0 0 0 0
0 0 1 0 0 0 0 0 0 0
0 0 0 0 0 1 0 0 0 0
1 0 0 0 0 0 0 0 0 0
0 1 0 0 0 0 0 0 0 0
1 0 0 0 0 0 0 0 0 0
0 0 0 0 0 0 0 0 1 0
0 0 0 0 0 0 1 0 0 0
0 0 0 0 1 0 0 0 0 0
0 1 0 0 0 0 0 0 0 0
0 0 0 0 0 0 0 1 0 0
0 1 0 0 0 0 0 0 0 0
0 0 0 0 0 0 0 1 0 0
0 0 0 0 0 0 1 0 0 0
0 0 0 0 1 0 0 0 0 0
0 0 0 0 0 0 1 0 0 0
0 0 0 1 0 0 0 0 0 0
0 0 0 0 0 0 0 1 0 0
0 0 0 0 0 1 0 0 0 0
0 0 0 0 1 0 0 0 0 0
0 0 0 0 0 0 0 1 0 0
0 0 0 1 0 0 0 0 0 0
0 0 0 0 1 0 0 0 0 0
0 0 0 0 0 0 0 1 0 0
0 0 0 0 0 0 1 0 0 0