5
1.20871089e-04 9.86089897e-02 3.00545591e-02 3.69402685e-03 4.80570937e-04 2.39235223e-02 2.00958010e-02 1.68838989e-05 8.22562665e-01 4.42109786e-04
3.02233650e-05 8.40806572e-04 1.56278169e-05 1.34506959e-03 2.02386794e-04 3.69573137e-03 7.66502102e-07 8.20165368e-01 5.31831756e-04 1.73172189e-01
3.86074172e-05 3.14988506e-03 4.64792077e-02 4.32572495e-04 1.57236129e-03 5.63053548e-03 9.37917019e-01 1.28543989e-05 4.69684005e-03 7.01170540e-05
5.62777285e-07 1.95480112e-06 1.21674154e-05 4.20217355e-04 6.47633950e-03 4.25898200e-05 3.82496682e-07 2.45617058e-02 4.73588840e-04 9.68010491e-01
1.47931061e-07 9.93458062e-01 8.47242928e-04 1.55306855e-03 1.67669393e-05 4.67685494e-04 1.41347642e-05 2.99219762e-03 4.71304114e-04 1.79389790e-04
0 0 0 0 0 0 0 0 1 0
0 0 0 0 0 0 0 1 0 0
0 0 0 0 0 0 1 0 0 0
0 0 0 0 0 0 0 0 0 1
0 1 0 0 0 0 0 0 0 0